2,-0.03558313750199418,0.35229398917228383,-0.35986207190047875,0.1905819251861341,0.15928006439624653,-0.10341257352088642,0.2642334452374043,0.3790638185108017,-0.2059839877411488,0.9429427865130858,-0.09517099737124986,0.5097649153178859
2,0.002506908360886073,-0.24349331618516593,-0.1931490806129694,-0.3905557632002584,0.030968435478010165,0.01362483323888359,-0.3302658843356546,-0.21629037845448135,0.5024741629141581,-0.3807519563248075,0.019180915055105004,-0.22725065589128554
2,-0.021455352203042705,-0.26883646229569724,-0.32581737257140686,-0.6838509617841222,-0.6609048779769111,-0.10049076833159505,0.10042963374137918,-0.5050223740943737,0.800471207994768,0.21401825502730193,-0.02714339893944659,-0.206395180340154
2,0.14480583689881596,0.29282849137010863,0.547321789898634,0.6285886458799335,-0.21664469180078474,0.5426535753118452,0.8489672214052231,0.1956333653408726,-0.6004209719078085,-0.1955616210522166,0.24552005639293423,0.2481983080784236
2,-0.21647934766394747,0.34304161761255353,-0.9798236598210879,0.005227402057060359,-0.13144718045328768,0.742997355971192,-0.360242490734021,0.8334208217052855,0.6055959403526067,-0.209479109283324,-0.30701963095602214,0.24307687024148844
2,-0.02112147744068657,-0.1736183277598021,0.03564958145552531,0.11215770578638817,-0.5685420276733918,-0.8193097547236884,-0.5195732089244804,0.04484213785160624,0.9679797453796005,-0.03216339995351443,-0.18137219115472536,-0.33106298791941524
2,-0.0647449536135897,-0.21192178672011638,-0.5431656659239661,0.06833811212450785,-0.9541004789025125,-0.1263775660496118,0.6286342759760674,-0.7399493833535259,0.6096520543960524,-0.04969830960183566,-0.03189048265165739,-0.18281764381277296
2,0.08001729760130866,-0.10462308078432297,-0.7943178586608939,0.16239119773921049,-0.2779845749860871,-0.3614114168433725,0.7403888258493136,0.2662331552769684,0.6519827982029021,-0.4857052593100983,0.1073041620705813,-0.07172461474496013
2,0.401926665766179,-0.5233564437373601,0.9488589710398364,-0.1909882543297765,0.27759971333648314,-0.602498311077521,0.31247317308174494,-0.8057355678242076,0.06877480560665158,-0.4942036417179355,0.4065157020628726,-0.36230864221742665
2,0.06624744838494984,-0.16391580670540917,0.3326218710172805,0.5217211253650196,0.13481839894372372,0.10383975631477327,-0.24736656560020792,-0.4830303397992072,0.044916089179003034,-0.7981937687022224,0.03560789345007401,-0.20886873402635667
2,-0.02054788584470532,0.12656671088070773,0.24541183949258089,0.6444440961460186,-0.6372834025624015,0.5131494203729513,0.35251250665901096,-0.097996051303456,-0.04283248696801168,-0.5533306216926831,-0.05871790643674232,0.15393534767791353
2,0.349008866239269,0.06832897302668912,-0.15252486403476284,-0.20582790217930422,0.6724951981403366,-0.3572363689084036,0.47445382117343055,0.3748982286514059,0.4016113096780718,0.46148193454305847,0.331928719622876,0.059361844213853224
2,-0.25102084072651126,-0.08753589779848538,-0.18243915497490595,-0.49793231003583976,-0.4507488757090558,0.3903922059643104,0.1666713216148265,-0.2903122312386453,-0.5375666538369098,0.047708744116233145,-0.2322351788606346,-0.05786432060898286
2,-0.14353352360788615,0.36189084220059536,0.7047678542929798,-0.17454816211834007,-0.3806173717646963,0.3953518339285086,-0.020204789840647917,0.880302580001491,-0.8780797871191802,0.34645711699072207,-0.2254105314455676,0.3052188988024511
2,0.4935556374733096,0.08758207272491561,0.6647253039275046,0.2617643879947109,0.5637691093900064,-0.5004319296323114,0.368810404865899,0.8636448819865519,0.3769177317098287,-0.2746490494492889,0.3476031255159197,0.18423829118093737
2,0.5030435889282263,-0.04044358666384139,0.8708293340490081,0.02297780705123902,0.23467059671570586,-0.3666138199528291,0.5847188042736948,0.09066793552317873,0.32195562067449646,0.09119373072304578,0.5460323368131608,-0.007925131975897315
2,-0.5085107924354451,0.03153135942710816,-0.7859470651211922,0.32792718157449446,-0.727928573285634,0.43065885307243557,-0.7594272903377363,0.24220570526820612,0.2392597590027821,-0.8746663022067034,-0.4743049805436753,0.1491599572869858
2,0.04684406872431138,-0.2604681876007323,0.1833285772739602,-0.2727183156900013,-0.15914922832476622,-0.6576965546191725,-0.3610864828619695,-0.7677326695164682,0.524283408810021,0.6562747894227128,-0.021797085212904632,-0.25721833163103036
2,-0.2376750134760227,-0.6483443665637714,-0.9542797452181832,-0.2300274638758926,0.009401628142436268,-0.8712215091176563,-0.4646065167227689,-0.8304036713819969,0.458784579894425,-0.6617248218795395,-0.27109949388605875,-0.443019466911668
2,0.07558163151029143,0.195050319905997,0.009711291599629454,0.33867960115635826,0.05815663301691322,-0.04812641920779321,0.39196338331997577,-0.010346217706503603,-0.15750478189535272,0.49999431538192657,0.060245700892074545,0.1940388680271115
2,-0.22460567010492688,-0.05433214698316593,0.7233705879655964,0.38188536375187027,-0.2565178065831347,-0.6258637069367954,-0.48120749124259937,0.053043369972078994,-0.8840679705595699,-0.026393614719817576,-0.24675678012355726,-0.04943341927150296
2,0.07173945202995143,-0.021537845742100686,0.30880411172663946,-0.6590598824824543,-0.02165431301894824,0.14016585236784065,0.44813546873576754,-0.09709803686116712,-0.448327459323653,0.529840684007378,0.06321698119757341,-0.041465346436325184
2,-0.19907809860900866,-0.030779151323822418,0.1869573306531959,-0.3209382806944606,-0.08970299608779281,-0.29186014799093474,-0.5482260496685566,-0.07640932119786235,-0.34534067933288115,0.566091144587968,-0.1896711490386747,0.0026647942275128977
2,0.11671486423595595,0.21157979822640094,0.8562145708732006,0.0587857521488806,-0.690516845092306,-0.3758177242950719,0.1409451295779831,0.6324072800797979,0.1602166015849461,0.5309438849719972,0.14710871761088504,0.15583396697592816
2,0.5318570629806914,0.0484445548632932,0.7227581925795845,0.3161688066506034,-0.15695045058446483,0.7234595102548915,0.7291218378361279,-0.45301518263192103,0.8324986720915177,-0.39283491482040106,0.4955431679687108,-0.11288763467606089
2,0.3306103008644865,-0.2362071021373639,0.1676761690018912,-0.7128493343724954,0.013255707012898672,-0.059730571790628975,0.5281449896974462,0.12761258824812186,0.6133643377457101,-0.29986109063445304,0.3009800373934046,-0.2381950769129167
2,0.14192113363206588,0.03751473664663982,-0.5362656656922978,0.6668020271998649,0.301519353171666,0.15327561097984405,0.5073133902129972,-0.0963799385937398,0.29511745683589824,-0.5736387529994099,0.06662267730632213,0.05528249110120558
2,-0.39697805138931797,-0.2381771773368353,-0.00046658068386256,-0.26770549320757353,-0.3541729322049024,-0.10658411600366136,-0.9753716326933355,0.07585510663005841,-0.2579010599751713,-0.6542742067661648,-0.5223075608814112,-0.06547953356988205
2,0.4657177119230701,0.06892498830768198,0.8977038204117616,0.22802965662574576,0.4617201416649857,0.1645254882256583,0.20245449599118348,0.7619824469010842,0.3009923896243497,-0.8788376385217603,0.3708946727363631,0.045156877272902594
2,0.20085542284935481,-0.10223908521247713,0.0015023368400567333,0.8540618699902307,0.15779618826219788,0.17934929147506276,0.3269691054053235,-0.6603220486508019,0.3171540608898412,-0.7820454536644,0.1510041983843632,-0.153346777022114
2,-0.5297453510057312,-0.10853072006754608,-0.7534711294830174,-0.4518495433210425,-0.9736719485251453,-0.15434693355215287,-0.15645432968631454,-0.394383034131383,-0.2353839963284473,0.566456630734394,-0.6472837422416876,-0.15467828445596266
2,-0.20443788702385263,-0.05455248114619427,0.04871780396341521,-0.17063131403273574,-0.22843967610582416,-0.26558275218660066,-0.3317076480990459,-0.03130652465693353,-0.30632202785395574,0.24931066629149282,-0.19925835507644776,-0.04841489842071525
2,0.3530591764308013,0.1042661934574137,0.10715986690931478,-0.9554337808630116,0.44535439005995286,-0.08242490166157312,0.42687418534375243,0.5683331363127834,0.43284826341018523,0.8865903200414562,0.2448762826786507,0.2655115571497587
2,0.21600680828320185,-0.4807943842537099,0.31550497375109104,-0.7235389887271023,0.7745929409614938,0.2834433966070857,0.0458973848006501,-0.5894134691157041,-0.27196806638042753,-0.8936684757791188,0.06480718972900909,-0.45907852802224736
2,-0.24318978351923953,0.19663665077502704,-0.06800174719072918,-0.2186609813167377,-0.8229069817274446,0.39377848845134594,0.42207953051705055,0.5288779617503543,-0.503929935675835,0.08255113421514564,-0.32191560641819905,0.1920693417614502
2,0.2922636805635937,0.09048574181253254,0.678164264423366,0.013392913144052611,-0.6606371025022618,-0.5576941363096022,0.8009281716275436,0.446438222846535,0.35059938870572704,0.45980596756914466,0.32557088047410954,0.14094512515143867
2,-0.16125609950827513,0.3263864897372388,-0.6776011587878512,0.46716743303990466,-0.20519718030463138,0.1181601246281672,0.09072644445479616,-0.23390136029000916,0.1470474966045859,0.9541197615708927,-0.07263356634485962,0.4287748259189855
2,-0.2773637498034176,0.11009331396924533,-0.9040202293572569,-0.15439196030722932,-0.8385459126631283,0.36862830838902055,0.14586934774434973,0.7010835191321874,0.48724179506236515,-0.4749466113369973,-0.37457186264118497,0.0896842857268938
2,-0.4587588813947058,0.11058704588231477,-0.7193558061063764,0.0007625341789234331,-0.4718153362990543,0.5035220669031024,-0.7086843677714285,0.21226891945233908,0.06481998459803617,-0.27420533700510585,-0.46967428415560847,0.1383611409828982
2,-0.10249988853552067,-0.08525729470395185,-0.5426002791108308,-0.7063757356271047,0.40601816137721186,0.4866777658566574,-0.282710178626706,-0.21591080237544333,0.009292742218242238,0.09457959333008313,-0.15694087616583388,-0.17432726541472957
2,-0.014320010072394945,0.3955242442071757,-0.02422110285338015,0.744215615595495,0.629714047936815,0.5938891585773844,0.0037682744083397564,-0.38306860404319315,-0.6665412597813543,0.6270608066990165,-0.04764787376069871,0.3618105836589663
2,-0.09841857096452718,-0.35377210828332717,-0.4683590651941847,-0.7660590045831221,0.49343787373143555,-0.34777157438620904,-0.8686771064628415,0.2286602961070619,0.4499240140674819,-0.5299181502710392,-0.14532388536881863,-0.2585533526627255
2,-0.06682680510684437,-0.48067739612588983,0.31534027738816234,-0.8064507026197871,0.12850108524148557,-0.5621840330445846,-0.09771528042070447,-0.0051944105093918265,-0.6134333026363209,-0.5488804383297958,-0.02813698839395388,-0.44698921883066023
2,-0.34927055258339423,0.10210301556894988,-0.34758980940988254,0.1440318478566158,-0.6106036434721903,0.06610219379707286,-0.33572150308027043,-0.046809920609947965,-0.10316725437123374,0.2450879412320588,-0.35724248168129935,0.09180563845155959
2,-0.06273790780808676,0.18470386534357452,0.7580641197762849,0.6318197609032594,-0.656318195512575,-0.044713153818443756,0.22078838232649683,-0.33181705898988345,-0.5734859378225537,0.48352591327936584,0.17360355524145848,0.2471593655146299
2,-0.1435961184214024,0.0034962232149866324,-0.40739646008326125,0.5863016316030167,-0.33646842140597166,-0.3874047496351631,0.1521820636808773,-0.681815444946431,0.01729834412274602,0.49690345583852386,-0.11253188951751107,0.011965144694889207
2,0.47057602104740126,-0.27046295450444535,0.8491671746412535,-0.27127084617564673,0.1858684088195067,0.029103115253053233,0.467049325634404,-0.1911048345517552,0.380219175094441,-0.6485792525434328,0.49554776525196015,-0.264551328659482
2,0.14563842884496636,0.05606988303203422,0.23203876977387025,0.5660264112520537,0.2038443393657675,-0.9616741884905469,0.11240898872644572,0.9596878161589113,0.034261617513782025,-0.3397605067922812,0.09048537831554422,-0.00577975554939043
2,-0.1456773495998313,-0.13246875434445812,-0.36838013234621453,-0.794737651145829,0.19389987519566823,0.1898375141932943,-0.6557768149861362,0.1717405646938056,0.24754767373735717,-0.09671544511910347,-0.16961846774786835,-0.19293974787361776
2,-0.1629364915697675,-0.055263064151095886,-0.8487292663312891,-0.3320280760818345,0.1173810938486914,-0.10227143196120704,-0.01750785796119078,0.9364039063986994,0.09711006416471843,-0.7231566549600414,-0.15861796165803962,0.00039782852652201254
2,0.15905072737715287,0.07588834572374065,-0.7418580705938432,0.5683968109672186,0.6221563156195392,0.22151833831083778,-0.09084202794308663,-0.21047956971701176,0.8467466924260021,-0.27588219666608205,0.11274007375724494,0.05940516146928199
2,-0.1570721771838284,0.13633590630326317,0.146458994451689,0.4476266608984158,-0.29991258952283584,0.6923506277876613,-0.38199556815122215,-0.18167537565622324,-0.0928395455129446,-0.4129582878168011,-0.13491511946444493,0.1725921120137335
2,0.028510744163199014,-0.32140736374648643,0.02425477883997707,-0.359475882280783,-0.4738550835516013,0.26092816882452874,-0.13925675133177284,-0.5108949882587894,0.7029000326961931,-0.676186753270902,0.2605071076222772,-0.3727654749180616
2,0.12313910773113629,-0.14683210103767477,0.22284111591438469,-0.8214000428810463,-0.40261803510819577,-0.1951824213187848,0.18619731566378334,0.46637761286560836,0.48613603445457293,-0.03712355281647624,0.11026817836345391,-0.2027183076023097
2,-0.5657491180546468,0.1366922439251737,-0.9591867943388666,-0.1587741190877273,-0.3464337030406413,-0.25426275203020776,-0.19209890975515925,0.579468272392914,-0.7652770650839199,0.3803375744257159,-0.5953778521716825,0.028063513899612137
2,-0.08665599808981278,0.014650426022038227,-0.16014230224811518,0.2029002020355505,-0.8653331368651717,-0.005995665010338002,0.7881620835319457,-0.31057384523470416,-0.10931063677791011,0.17227101229764455,-0.09962914811593569,-0.004177086106734911
2,-0.2252331507721123,-0.14978312187262888,0.3978512720460063,-0.22778136170194158,-0.49016194045855205,0.8415164498784995,-0.5880884166777491,-0.4693522980881552,-0.2205335179981543,-0.7435152775789183,-0.20131682465424813,0.02914576224365121
2,-0.06377582593983036,0.011131114642639738,0.06790888118861987,-0.12122524250464162,0.4475994283842058,0.12063873282209919,-0.3014078650919201,-0.16752735442302943,-0.46920374824022704,0.2126383226761308,-0.06747925305560806,0.014728331947359544
2,0.23176097208434443,0.07083002621963794,0.4829271493562346,-0.0486597942655471,-0.15239996223605123,0.624871244216439,0.014269578538577776,-0.1970663353129686,0.5822471226786166,-0.09582500975937157,0.21226767729663484,0.05986339545826604
2,0.4017160275280247,-0.13218153228737242,0.3269418692601605,-0.5100225284393547,0.53118721848157,0.37239473230714476,0.049635873918873606,-0.9010646862802294,0.6990991484514948,0.5099663532629496,0.26456612806713076,-0.09896356219009833
2,0.14670197536663854,0.06554147678463587,0.5643682212993165,0.16684441818946538,-0.6539761174237722,0.3966465001242977,0.12775737870768222,-0.46353870658753554,0.5486584188833276,0.16221369541231598,0.11460969026431496,0.062493255992784595
2,0.07497758483755124,-0.05197583102345943,0.5219226383964848,0.7531317896343837,-0.4207833601913139,-0.14928916314839474,0.8261683117507734,-0.15036673898163858,-0.6273972506057394,-0.661379211598188,0.08559203384334642,-0.007024443518802231
2,-0.043658353057021926,0.028878110549601155,-0.13231467015177506,-0.5682840359250891,-0.873748993376704,-0.21041518270051415,0.47101796119025124,0.4109401924231492,0.3604122901101401,0.4832714684008587,-0.11844139337477187,-0.013695083594375022
2,-0.18915819820297697,0.34440493256565263,-0.33145283748723475,0.4130553890070506,0.23742132848208503,0.7469295748747945,-0.12812194068575547,0.0779894908071692,-0.5344793431210026,0.13964527557359618,-0.13066835711186248,0.33015043204457906
2,0.48957284835965276,0.49944755577114064,0.18258896421210724,0.8683395606934273,0.6244448134986792,-0.146939671552167,0.5098802174453904,0.8286491144383534,0.6413773982824341,0.44774121950494883,0.3780080859194044,0.5825090837321898
2,0.14721044109399425,0.060140977043584204,0.5915241088935433,0.7985289621734372,-0.710190533015721,-0.6523124268171762,0.2480922643898495,0.614628014804541,0.4594159241083052,-0.5202806419864652,0.19346761551139371,0.23303917122085838
2,-0.14550538998244528,0.3328964466113607,-0.4644325585055579,-0.6792451441801026,-0.23577445087282353,0.9611172624481616,-0.7521898170679847,0.6171122136212476,0.8703752665165851,0.4326014545561362,-0.14342477286614094,0.38875087064441777
2,0.009595522320163419,0.5363184767619474,-0.16504212090634152,0.5244788265417609,0.24142213771329085,0.6059579131429745,0.592363891417666,0.658095924368581,-0.6303618189439617,0.3567412429944734,0.102514801838549,0.4378729497175152
2,0.10730527419770562,0.1742981900155588,-0.3718576848388807,0.0071474229192948074,0.4684306145366204,0.5652553787940922,0.4000882705751611,-0.0639801842275753,-0.06744010348207828,0.18877014257642358,0.13667125517651774,0.18551967153522275
2,0.0805115057586919,-0.3544596512088162,-0.1636269406081377,-0.5616383363743143,0.5859296515626168,-0.2336164151646407,-0.07879377480789547,0.13674673603335502,-0.021462913111816008,-0.7593305893296647,0.05985698261363656,-0.36188538639895546
2,0.018808809573237335,-0.1309577243598231,-0.09870879831845936,-0.3549402805669553,-0.8087864648353887,-0.1456492588687973,0.8342946271005595,-0.2769701053504867,0.14843587434623798,0.25372874734694684,0.05172201450803745,-0.10727189631426788
2,0.26808399617589934,-0.2212634265181888,0.7564993221671124,-0.3956831268875008,0.7776793850675757,0.012218601695109889,-0.13688663587005634,-0.7013902370335217,-0.32495608666103437,0.1998010561531574,0.3178043772697305,-0.18970758530684592
2,-0.3380995931174563,0.07285433250874074,-0.7750041492669609,0.08807421928482805,-0.7499983633581294,0.41855905102864255,-0.2888769839749553,-0.8772193609869626,0.4614811241302203,0.662003420708455,-0.26984162541934503,0.018454547559336267
2,0.4362861253112098,-0.31928217891400046,0.431371817578509,-0.4130265640590329,0.4165299647949642,-0.6823055001453314,0.4224936551367678,0.5533086274937181,0.4747490637345984,-0.7351052789453557,0.35807379704633113,-0.4222543887811657
2,-0.1889202623071042,0.2018593637285765,0.37442966726149385,0.5081932746633165,-0.5099311242539427,0.5431718472761835,-0.7133242584588994,0.4288096915042761,0.09314466622293134,-0.67273735852947,-0.2210002808999249,0.21377737043362746
2,0.019886542575277666,0.6133615889871842,0.2954328955673157,0.675464635256481,0.5119404987295318,0.5022900038687264,-0.16193975158631146,0.6462256153896914,-0.5658874724094254,0.6294661014338379,-0.009008517189696717,0.4932885504327124
2,-0.05187380425957529,0.08571679637170204,-0.5909509446130273,-0.6368203007194917,0.1618318393589337,0.8718670520152888,0.2883386864129896,0.4970904220352439,-0.06671479819719711,-0.38926998784423283,-0.03169366875109612,0.10489969540335925
2,0.22036444140918388,-0.21378056064039877,-0.07333463537132891,-0.027654612967141712,-0.0903552378567406,-0.6733527478741477,0.867786243172593,-0.05429529725160466,0.17736139569221204,-0.09981958446870105,0.26423817126435434,-0.1585332694830351
2,-0.03907630423477451,-0.0671022787412485,0.07598192249596751,-0.7534750086350042,-0.5039477387912353,0.07299350071967972,-0.252082388793649,-0.07486262057424024,0.5237429881498188,0.4869350135245707,-0.014223473371189954,-0.07564474273011326
2,-0.3686045174556072,-0.09987360526143514,0.003135720386853923,0.1686707357652052,-0.9441496592536602,-0.08139824714993249,0.4185276391409134,-0.36788594716036627,-0.9519317700965357,-0.11888096250064702,-0.6539303411459741,-0.07660138480646933
2,0.14561844837994775,-0.28425662126150675,-0.5130192035282864,-0.6383032865582584,0.3781324301124315,-0.33413354581295485,0.049069525654073666,0.0624632540322789,0.6682910412815724,-0.22705290670709255,0.10031121225793237,-0.24665102788783744
2,0.03685794725889839,0.29681895611187975,-0.5299751514576326,-0.33330212120170216,0.7585899675559862,0.5130481906394239,0.018527239947134927,0.9942475665096118,-0.0997102670098949,0.013282188500185544,0.07756235438701961,0.5082057231013801
2,-0.014585939342589518,0.2709076556945026,-0.22090374617015696,-0.08875393392064221,-0.23455324913758469,0.7546662337923479,0.13340228556324368,0.06473415020666518,0.2637109523741399,0.3529841726996396,-0.03623404231676639,0.3087417501735708
2,0.10679344133552454,0.15937934851689528,-0.27620270649075973,0.8232320615075198,-0.07507610853284089,-0.5260017504434665,0.9194700839042305,0.21425539219731085,-0.14101750353853174,0.12603169080621704,0.17615347584801141,0.16201863706411399
2,0.349459764522149,0.20403778247802018,0.568397180343027,0.5624068548562687,0.3814417074910052,-0.3782046331574473,0.30503419968082146,0.7792676557911178,0.14296597057374216,-0.1473187475778586,0.3000825454907691,0.3044224678349253
2,0.19742484466524318,-0.2785146868521582,0.08577167633778572,-0.09077380165713363,0.6584201794862226,-0.6504409708001377,-0.014858081075280312,-0.7001153039028846,0.060365603912244756,0.32727132895152317,0.26335930130807056,-0.3534705248290736
2,0.5711850602476822,0.30899465144464583,0.3835893364713913,0.49173204592293146,0.5680026831906103,0.822493781653213,0.8210434778173296,0.4437303887977579,0.5121047435113979,-0.5219776105953191,0.4868267558609743,0.628228820682514
2,-0.10545608831603427,-0.12521909955589733,-0.24948293502169144,0.2271169842413017,-0.5484129862427009,0.0051470222949375356,0.14635953424376552,-0.6706565747934415,0.2297120337564897,-0.06248382996638698,-0.08573393769565764,-0.13066713974810343
2,0.3454744779869491,0.13545497014109942,0.50872121081826,0.6042492746421049,0.7797828692952031,0.4272228835267547,-0.17001944510862443,-0.8775714007029575,0.2634132769429579,0.38791912309849563,0.31932440672634144,0.18486654581479367
2,0.02548978907313007,-0.1325412176571113,-0.47347082965451065,-0.8616587691895284,0.7327474489604063,0.6082605594491357,-0.8835941928259989,-0.22023207680992535,0.7262767298126235,-0.05653458407812712,-0.10439196050154868,-0.17906060642840285
2,0.012376259400860942,0.35657491446558914,-0.9458742962698942,-0.1376426260924172,-0.006694979087127463,0.6440339529945925,0.7511470682251498,0.39203844827642054,0.25092724473531564,0.5278698826837607,-0.03540783889741362,0.20077759002535356
2,-0.012698403597359492,0.05432491514630185,0.46213139932613323,-0.769368000481726,-0.16141674690518792,0.7470278492305878,0.3876840356935731,-0.03734976227313753,-0.7391923025039564,0.2769895741094831,-0.011437216759487038,0.014699606577097558
2,0.2465294396247664,0.16744483380160552,0.6991439098586377,0.25348938553272143,0.849718457121405,-0.24046695164312634,-0.4009270835464565,-0.0297088725009749,-0.1618175249345207,0.6864657738178019,0.2962975284712947,0.0829259969014307
2,0.27005179870213925,0.3235063592719132,-0.01854194388254484,0.9638201855550047,0.9889377960486897,-0.07759246910508451,-0.3167500776335083,0.013453858974668243,0.4265614202759206,0.39434386166306445,0.33739568901274564,0.16992216955037562
2,0.1564619584695408,-0.31115493961932206,-0.0992960155701952,-0.10139415310121631,0.22569020851603702,0.39944064179419414,-0.0057055399880066755,-0.7010601661732613,0.5051591809203281,-0.8416060809970047,0.2588120251733385,-0.5006385384940013
2,-0.15458060629596118,-0.1661835004298318,0.41518692743849755,-0.6574841206273487,-0.8955735015122446,0.3343456007962594,0.23379456951891683,-0.7196821534138872,-0.37173042062901457,0.37808667152564934,-0.1938375674457859,-0.04010949915811529
2,0.2614107031050309,0.28212212457953206,0.9179115927736865,-0.22555150714774327,-0.04900685481585795,0.7957143774140136,0.46066361002506506,0.6664050962682007,-0.28392553556277,-0.10807946821634276,0.27535144470929374,0.18667225830747547
2,-0.11965723241757148,0.09728456090922935,-0.2980289188098021,0.13189886736087844,-0.9639056530402146,0.04169047246102926,0.026895943947054763,-0.12050532300722354,0.756409698232676,0.33605422682223324,-0.27775313655281486,0.055250049286191566
2,0.08073474710902144,-0.275640887729133,-0.15850597323378043,-0.4729882378405753,-0.13430434397427557,0.6929960760227384,0.007366789233742139,-0.7782604847572551,0.6083825164103996,-0.54431090434144,0.10276406494630295,-0.2956146223962819
2,-0.029064727288750064,-0.08669710250612221,0.41450013057017443,-0.0653638777322596,0.41077286023863224,-0.8231949232466508,-0.05431720609744676,0.7119947420258766,-0.8872146938663602,-0.17022435107145512,-0.04239847513263995,-0.12355190941196473
2,0.010049618784392936,-0.6145589062569101,-0.22086182147296246,-0.76642725235731,0.06889348232632013,-0.7508205533008139,-0.08165138029779594,-0.39728356922576663,0.27381819458201,-0.5437042501437498,-0.008641348028097212,-0.603774439282706
2,0.2978826446856656,-0.2621536932557065,0.510740253182574,0.40413469902060056,0.04666689802459776,-0.3583631282423378,0.6831033842937903,-0.5587022663617625,-0.048979956758299546,-0.5356840774393261,0.3041071880460562,-0.26568268970384973
2,0.17447050372193978,0.2819526076875445,-0.5343590674481418,-0.18128980658153576,-0.37352810742084464,0.6517894304013054,0.7317016209921268,0.2440092768377527,0.8740675687646188,0.4133015300926556,0.3722431756497374,0.2391207046104538
2,-0.09881456524404933,0.1716503225800783,0.41057326181768544,0.7967138649676605,-0.5136469968767098,-0.10047533021717289,-0.08873292912024124,-0.7139622050437371,-0.20345159679693176,0.7043249606135628,-0.011460898100772731,0.22842380819405517
2,0.06572658977388564,0.12629846056229838,-0.5433359649682594,0.7740216955219975,-0.47550362550458086,-0.22134038512627352,0.8863926495789982,-0.1348370689810685,0.39535329998938457,0.08734960083453806,0.013488473524157961,0.14418524567978427
2,-0.05470704828214181,-0.3602626109981009,-0.5996573789097,0.02414106319371638,0.9577343068986371,-0.1814296297221096,-0.36518411581724486,-0.601378136664829,-0.21172100530025958,-0.6823837407991815,0.11385761999755252,-0.2228982027048739
2,-0.08917884754687622,-0.18038732999036852,0.7135654000687193,0.6750420299777449,-0.9390002372126572,0.031981325232718155,-0.14032147448560872,-0.7865503117230186,0.009040921442041851,-0.6420223634489185,-0.03288370256173468,-0.026234737524068498
2,0.3264839851668426,0.4162502788651294,0.1462378034893617,0.4645656841605276,0.34143076047516013,0.4164792623793592,0.2969772875430516,0.4024410786932126,0.5212900891597971,0.3815150902274181,0.3304526055451965,0.4030408939896606
2,0.2693991013286832,0.05915568607011243,-0.45182148475355605,-0.05625093681807373,0.6016226062756652,-0.43828057013897365,0.543573757401563,0.41179580585206677,0.3842215263910606,0.31935844538543035,0.2702351271018155,0.045812866146442
2,-0.18461059882016537,-0.07488393441066601,0.5281579675843197,-0.7101148972824962,-0.01663388845608773,0.012421818987366771,-0.5739440178046853,-0.07688712058329944,-0.6760224566042081,0.4750444612357648,-0.12823503549756965,-0.05282087957213812
2,-0.4687487358318247,-0.17710078191453033,-0.6595954684472328,-0.426014287132575,-0.46184645901977944,0.7287800277040405,0.18025735855921968,-0.8305473640251008,-0.9338103744195062,-0.18062150420448606,-0.41969651238274835,-0.12306817278481928
2,0.0487130043287,0.04096654182098754,0.47827717712584134,0.1685153121262251,0.39059404327836506,-0.7224906574852632,-0.4351302930319386,0.4020216307469021,-0.23888891005746776,0.3158198818960862,0.06147386646235276,-0.017788899633767893
2,-0.2198920545625663,-0.11015879401020302,-0.01061478689375804,-0.06205968926871865,-0.15108392666136589,-0.021303499182946762,-0.48471140995981327,-0.34043424097955466,-0.23315809473532803,-0.016837746609592023,-0.23079073246767207,-0.12189154984688923
2,-0.29613150820699974,0.04624590347953611,-0.2811833276293532,0.2967638474769237,0.2369018128161644,0.2953025494463086,-0.522601272831777,0.317686313114995,-0.6176432451830333,-0.7247690961200828,-0.2973007757009832,-0.13410102372493643
2,0.11706756981336217,-0.07066116676623133,-0.4889676975296703,-0.5931011733096698,-0.3775364806997053,0.8479610850831492,0.832201722411806,-0.3597195353410902,0.5025727350710183,-0.17778504349731447,0.09777545032253045,-0.028511242705007152
2,-0.14281194124942054,-0.10344028010619924,-0.17815269855218593,0.4177007303776174,0.12705531523806313,-0.950085901233634,-0.44643402064071225,-0.858805573142283,-0.07371636104284711,0.9774296235735026,-0.08941963192680111,-0.20872065816421537
2,0.18441443069017482,-0.019837903336020812,0.7823619737054182,0.556490203910413,0.5156817077608501,-0.21604787814256804,-0.15879322760598255,-0.2667676597405567,-0.40159273109958643,-0.15302627937137153,0.3127947306773326,0.13852512920068813
2,0.2317004049949391,-0.20168329544783806,0.14262704139502333,-0.8322558403031287,0.6578114232436194,0.44521610379254994,0.25539468866522747,-0.5701164875942483,-0.12903153332411385,0.15042304231347484,0.178014476357605,-0.22329541882757506
2,-0.21590819027861702,0.1633112341865088,-0.14651176097598484,0.7443076046912823,0.6658189709658122,-0.24806288485657385,-0.6349434279237043,0.7659252410090197,-0.7479965431805912,-0.608925024097693,-0.29508501062061737,0.28010652894978505
2,0.06866337683776669,-0.4678856508569857,0.8518343264880127,-0.1937813990206962,-0.02575392156055722,-0.8607076922221265,0.05791298320381363,-0.3370913123941883,-0.6093398807802024,-0.47996219979093174,0.04743300617297237,-0.37455771504399615
2,-0.32715528643427677,-0.30210517223614974,-0.6599290333347758,-0.6663729818975802,0.17697097916294463,0.5621840361302368,-0.6268416361072693,-0.2806289964952307,-0.1988214554580065,-0.8236027466820249,-0.35405117385723184,-0.4077446697799474
2,-0.07848216034511113,-0.0377081375212471,-0.3124177135412653,-0.36278225931755104,-0.0066764596298641765,0.6716833275583343,-0.21737575157390293,-0.27411409283482946,0.22254128336458792,-0.18561952549094216,-0.06837940992702911,-0.01699425641913741
2,-0.06138467107943611,0.45225586364031956,0.3790003943561815,0.41083092359314666,0.4487915229747782,0.6813530972921937,-0.6764674403914916,0.3054670603311173,-0.3968631612572125,0.4113723733448206,-0.017807727885093546,0.3592740063489949
2,0.00041325749934958966,0.2339002115063789,-0.23557523577806197,-0.09550768709870959,0.1615682726036773,0.5576711386028667,0.5655275885442841,-0.06746640188519665,-0.489867595372501,0.5409037964065552,-0.024966251126013594,0.2239010522690123
2,0.334711949573258,-0.26989320632350833,0.6920170727388871,0.052969429007316826,0.7632214181809309,-0.1173869962349801,-0.0773149497106763,-0.42421575428690156,-0.039075742916110004,-0.5909395037794684,0.33889535018131317,-0.1779154672188794
2,0.2600480234824933,0.5053682215857875,0.23897646815643886,0.9089763400116518,-0.13796651417241307,0.8697890381771941,0.2618306099067212,0.2672084647137396,0.6773515300392261,-0.024500956559435315,0.13548167192076505,0.5666020947387517
2,-0.18151576431493754,0.2688428783702079,-0.007208328197190042,-0.10033363268069685,-0.014039285911008649,-0.2838924810534731,-0.6599224229095524,0.5166587320185545,-0.04489302024199919,0.942938895196447,-0.1584399469374893,0.3989843582008339
2,0.09033960619886161,-0.3202377993839905,0.4816011035790176,0.2879737845300083,0.4539061226131713,-0.31089746885700437,-0.7741453574873836,-0.5769455787908921,0.19999655609064115,-0.6810819344180739,-0.1109361173192195,-0.2930659439200716
2,-0.0028889886798715153,0.14594647261322852,0.32899512545350795,0.08926712439552202,-0.1901523801554023,0.3108287920211741,-0.4317490437589652,-0.45172934543544496,0.2813503437413735,0.6354193194716629,0.013403016286227224,0.14591553830463203
2,0.08977205943294221,0.5126575049727075,0.4475896191198837,0.10260889803288455,0.013966951933676737,0.5478046115689302,0.13337597519058628,0.9011628042522276,-0.23584430851237786,0.4990537060367873,0.07139015353884957,0.5605110238252362
2,-0.0807514952357356,-0.30106784245030543,-0.21156963191027178,-0.6039272521038505,-0.6405676021348875,0.6254220345196699,0.9003111200504096,-0.32401330157183006,-0.3711798669481927,-0.9017528506452112,-0.049230212062452754,-0.2875279382792879
2,0.18750624603625124,-0.23549353504605647,0.7641642859871889,-0.37710889792192953,0.12451928679026271,0.38016133044319855,0.7288351703858331,-0.4721108023459533,-0.8674937590182797,-0.4729157703595416,0.015203945443517086,-0.19993934894482968
2,0.06471387862634936,0.15740270575086773,0.4481513394453726,-0.00488906623715429,0.47692211211170255,0.7943847846172085,-0.5494889346286639,-0.3881522004762278,-0.11672900242301378,0.22826730509964444,0.1399466409214924,0.24395269946944878
2,-0.347905491913336,0.1387290785768859,-0.8773289980718922,-0.021110891227731222,0.5126692308875501,0.236249566316244,-0.577009826469387,0.09529552756376286,-0.44995237399961474,0.244482111655268,-0.4319437192050546,0.07529967443519305
2,-0.6439245543887707,0.41465992637180327,-0.4993281068269248,0.34032298897429925,-0.5313960314886007,0.4448920356004802,-0.9328900003809244,0.148967612968883,-0.6120840788586329,0.7244570679435507,-0.5683544778352083,0.3742367696760115
2,0.3584205812216027,-0.03519493920243526,0.23581905838609307,-0.12977322519906986,0.2924833648032151,-0.30657998912532924,0.23437305801041244,0.385958903451295,0.6710068436866902,-0.09038544593663694,0.35289518024745514,-0.04109668008980589
2,-0.3014318662880713,0.5823065157092607,-0.30120407386148873,0.9147395616365929,-0.4952687598036025,0.6261635809997997,-0.18215750626529176,0.49382161666155167,-0.22709712522190206,0.29450130353909865,-0.2840573573429098,0.6677005061780374
2,-0.12212070240521274,-0.030789926576645935,-0.282551435606543,-0.5919798738535156,0.7280335240175829,0.0784333940797375,0.015408097006163851,0.3989491171306348,-0.9493729950380547,-0.008562343663440447,-0.2481045352655263,-0.0348402096352328
2,0.10069385399812911,-0.14526202038956265,0.42583530291603766,0.46898401374202886,-0.19637864385710999,-0.4133258033683516,0.5197826172355164,-0.5077024614215089,-0.34646386030192766,-0.12900383051041897,0.11323764936507326,-0.13319294715907415
2,0.07663225262133068,0.04634119342872153,-0.019977204844235975,-0.8355737110679708,0.33604944609056736,0.8617049586873707,-0.4468600551325639,-0.15244929263015305,0.4373168243715552,0.3116828187256393,0.09131497551041083,0.1212682692379564
2,0.5809830606140889,0.3025649736923597,0.35501904103357,0.3732438361829211,0.5228953333324805,0.13542237777913102,0.9437852053179714,-0.02894003287496601,0.5022326627723337,0.7305337136823525,0.5263778158480399,0.21028528226547985
2,-0.12833889712980173,0.2796992535559423,-0.513309351555954,0.7293036806652927,0.026406168612622846,0.9729103692522293,0.8336062287286766,-0.5425696088618588,-0.8600586343045524,-0.0408474268318941,-0.009216288213281852,0.1802080816313272
2,-0.06709841659575749,0.06689032670657635,-0.14780218428981684,0.11001340914351043,0.34984046196403396,-0.16605772822311146,-0.8333312253311463,0.1367331904481179,0.36289928127389925,0.18687243545778856,-0.15125808285071524,0.061639579443437446
2,-0.028419680706031722,0.07936511486899822,-0.8242553417629432,-0.49551755654674917,0.9399201406127136,-0.1446692522401254,-0.1805066411013074,0.1775985169098014,-0.0488368805725898,0.780048751353066,-0.02055753695690602,-0.009345133915103741
2,0.10785858551227513,0.45569431004824884,0.2760772048863626,0.586921468295636,-0.10784247247031599,0.9058303945099722,0.26400752419989615,0.8216193108294167,-0.0008079145668422635,-0.4915939334420296,0.07933564838142686,0.566988446439024
2,0.06629161730432342,-0.1160285245709195,0.6044175631092807,0.11852342630614568,0.2838703725653223,-0.5516419061219017,-0.23295659875800376,0.7137232518982548,-0.3901648676993056,-0.7447188703661768,0.02023344366688628,-0.12647659080388787
2,0.2816754736170701,0.02772964120839648,0.2236462072079204,0.4644820162366778,0.6989087977262579,-0.19547449809749143,0.8382320827276988,0.2899271319870167,-0.6340851931935965,-0.4480160852926171,0.32241014613295454,0.05821527714132364
2,-0.020172402440161642,0.2470105757979243,0.6460847752509205,0.5506776407915628,-0.356669129704966,0.023624219813226682,-0.046075743662082426,0.22818513632766685,-0.3240295116445186,0.1855553062592408,0.07595135636219796,0.23866655227997008
2,-0.07059726869058405,0.0612022132215896,-0.16663122829185398,0.5778294534305531,0.09647440898226958,-0.09554785837661887,-0.09699056101641576,-0.019881381368025502,-0.11524169443633603,-0.21759136079955038,-0.0690969399971684,0.08261751006931597
2,-0.39178300980811354,-0.008659629092953952,-0.212088673637716,-0.5811084806938972,-0.912101437590881,-0.10795994611438242,-0.9863301173290957,0.025087356476388056,0.5433881893252389,0.6293425539600758,-0.6107292771551687,-0.02259192652502645
2,0.23063246448139407,0.11089534940508453,0.7676930187791006,-0.5734857420982186,0.3454647671157666,0.5131452686425021,0.480534380247353,0.8720630044436284,-0.6711623082166438,-0.3681411333675738,0.25619319997056156,0.29029614928223196
2,-0.531960635105799,0.22844383968856996,0.14123600105846976,-0.34167680040724446,-0.9275398508419878,0.21064614239149645,-0.5317782480075636,0.6316282625254946,-0.809760442632115,0.4131777542445332,-0.6195189459821313,0.2675526508175152
2,-0.13006736335749083,0.08877374693296566,-0.4315074879559844,0.36890771616516127,-0.7186846051033184,-0.058623416485490416,0.016657817796750785,0.3375521285704989,0.6132648218325888,-0.2927414405183071,-0.14447122707893834,0.06798756343288459
2,0.10861404110908976,0.011528595848802031,-0.31740402527937167,0.8289889460094234,0.3290073937815794,0.25533335219453207,0.3761280757519516,-0.43692923065743533,0.046724720182199676,-0.6012786841513121,0.04000590139940186,0.07756477004122798
2,-0.10482060099943652,-0.0794209694102716,0.09879077741329764,-0.6222640235630297,0.13852426065382373,0.5140134960425025,-0.8511109502641744,-0.32056095321893685,0.1945135081993069,0.11112760309837769,-0.19550175974725864,-0.1157189810493591
2,0.07764619300884665,0.06907074585796426,0.2462857769588677,-0.8827418487487532,-0.3463122274077074,0.9122521147461209,0.01653273675379328,0.5239507450404177,0.394078485730433,-0.2771780276059284,-0.027200748950476524,0.17877143591708805
2,-0.26536024923191226,-0.20838857173840852,-0.2151176470100519,0.0697690075766464,-0.8636233764437281,-0.14414570790852504,-0.16406328572616222,-0.17916307209136648,0.18136331225229313,-0.580014514530389,-0.3203507185900925,-0.15648091359024074
2,-0.26049126792753474,0.42239482869831935,0.46971950831251136,0.4417585479228178,-0.754776640325323,0.5122953395643534,-0.10203887243611717,0.500329139484197,-0.6548690672612102,0.2351962878219091,-0.3583668630071536,0.3389364397317656
2,-0.07226534524176886,0.4283352539221442,0.4752902630713508,0.3488197272847205,0.08521863804033371,0.8396133482264133,-0.555121485317672,-0.1915222781663686,-0.2944487967610879,0.7164302183438115,-0.037004792827987854,0.4341757564950443
2,0.07682566782891262,0.07913531947092864,0.7427096301194542,0.6150723547893824,-0.7866734250641964,0.4036663878180344,-0.3599280141331537,-0.43106177731409195,0.7111944803935463,-0.27113568740961036,0.15500664220271793,0.13904199906105602
2,0.34560193455107696,0.22106490485276137,0.5891977795992437,0.39636417336589347,-0.41472968092400914,0.9078501272603261,0.7703149750316106,0.05490119197325333,0.43762466449746257,-0.4748558731884273,-0.05852166384392009,0.4063381668791845
2,0.13858158260495157,0.017648721734432993,0.5714847547156842,0.2060726493487266,0.866992937134048,-0.01659235329070718,-0.412245627634339,-0.8071089786878225,-0.4719057337955869,0.688223569567535,0.09441859903893973,-0.013931110187118371
2,0.2560437781851497,-0.3189538617920121,-0.12034437015361772,-0.21403168903189296,0.5312131198071562,-0.41751411413416284,-0.21246203540813274,-0.2867509347730187,0.825768398495193,-0.357518709228974,0.384162622940596,-0.277831924554471
2,0.1905160326890232,-0.10634345313441244,-0.08681846866866459,-0.18850596623475915,0.4896322042915981,-0.7467477360756665,0.36661817193796103,0.9292380546003972,-0.007367776804801769,-0.4193581648276214,0.20579399587276576,0.3888713410484285
2,0.20570411266331884,0.12405057063625861,-0.4792992910090192,-0.3133003916041494,0.8786293352929628,0.3493082837954702,-0.19203503454520898,0.5608014887865805,0.6155214409145406,-0.10060709843286691,0.3350579222065122,0.1413807409093578
2,0.08105246718390448,0.26286063232034307,0.02712147673383354,0.608369921127372,-0.4861797059972634,0.20816842239812705,0.4394873711187536,0.7698911518987309,0.3437807268802942,-0.5349869661428576,0.11265062327764255,0.30343532569960857
2,0.03351231792142523,0.2085087643242023,-0.11250069643763946,0.9836391775665932,-0.507265039651522,-0.2355220546957205,0.7863979199647633,-0.16569593414342132,-0.03258291218990084,0.25161386856935775,-0.024390014171076165,0.42458034468876643
2,0.03089765236783365,-0.2002665671599838,-0.8339512165522005,0.355225887894322,0.6622750322604043,-0.538678689098207,-0.308155564656568,-0.8651823866075684,0.6034223584196988,0.24756891917151824,-0.016261235522227448,-0.1850032499169695
2,0.10179026195474257,-0.2540068998170377,0.023302090850029773,-0.6427720964627864,-0.6063135008895802,-0.2726090742453135,0.3846403398865135,0.4586424511321988,0.6055321179720072,-0.5592888796922498,0.11329469701974647,-0.2375770669613255
2,0.16471992210514905,0.09405478389217553,0.8010418274531551,-0.5480853094257966,0.39166425385718623,0.5828349776899312,0.1869813538398344,0.1272308330839213,-0.7208077467295796,0.2142386342206462,0.25211508631848173,-0.06356963256923404
2,0.02442013344450869,-0.3761123077708344,0.70491438546418,-0.12355114047827204,-0.9114533494426654,-0.06806413343008788,0.2749947293824358,-0.6459306203118268,0.029224768374084435,-0.6669033368631506,-0.022726343141636483,-0.2572578809281243
2,0.07534424203961404,0.1873502694174497,0.7678683211662686,-0.25847958882800837,-0.5312114286412197,0.4867321253573414,0.5319347728608211,0.7980156154065917,-0.4672146972274138,-0.27686707426612595,0.1594555848699968,0.23674883349599007
2,-0.15397951704151572,0.009756795424820377,0.5607630646472826,0.8038276673338832,-0.1737247024594619,-0.36506640763101045,-0.031957689437253405,-0.4518811362517349,-0.9709987409166302,0.05214705824814366,-0.12925426350250194,0.0973413625531578
2,0.030638674149350703,0.4188023249989614,0.33774855358535616,0.9380954735315418,-0.27166073039238675,-0.3383433540153366,-0.26856070854262354,0.7184559238307321,0.32502758194705694,0.35700125664890825,0.2085594706046305,0.6635148483107317
2,-0.046614551923320535,0.14657277011325087,0.549389621381344,0.43849579544471895,0.20497493750603885,-0.024817056051933017,-0.7746765611516334,-0.23785927950177665,-0.16614620542903158,0.41047162056199427,-0.06230904145948647,0.10007132270205925
2,0.43352147356278853,0.12712894435187316,0.8298519430364238,0.2670798599081566,0.13393850339529959,0.44139213572453484,0.8288339775347263,0.39029748849764534,-0.05853852971529561,-0.5902537067228442,0.52398130091627,0.21217254097828236
2,0.22374971067321014,0.3945776937367581,-0.8812606045137119,-0.0034771422436178662,0.42065282598170867,0.7975889379752843,0.6706373116998913,0.1984025697654491,0.6849693095249525,0.5857964094499168,0.29804556806406957,0.3700881623322042
2,0.40884673098839025,0.20667753642287723,0.7783275008467336,-0.02431040618352698,-0.06581640034984305,0.7119984484044221,0.8105278191071271,0.016601554346163394,0.1123480043495432,0.12242054912445044,0.4211553323680677,0.11199810907335062
2,0.2968862034461298,-0.5064934470907418,0.07256276220307437,-0.3054241150050114,-0.07271990992227378,-0.9970622129152578,0.27309521571626316,-0.3266343997732645,0.9146067457874554,-0.3968530606694335,0.09829628409885179,-0.5614741470788797
2,-0.06565845405360492,0.08290653011939535,-0.39246531351868913,0.7678730103295579,0.011432616926166952,0.103822959517378,0.4627209902011528,-0.7755300804622218,-0.3443221098230503,0.23546023109286734,-0.04148114440380515,0.06049239309796597
2,-0.2463369202584208,-0.10417189692781945,-0.6052984392613531,-0.3259994835236692,0.04995682118130878,-0.6512192385967717,-0.8651256522185393,-0.06858429554672743,0.4351195892649005,0.6291154299558906,-0.2677480511720588,-0.09430229068165087
2,0.22683944543340387,0.23613660907870554,0.8134107472595105,0.27428548343848985,0.21856564861687705,-0.5850336777629633,0.053423270059881685,0.5417543272953707,-0.17804188420265377,0.7135403033439249,0.2120019417061999,0.2068721148701854
2,-0.449428591605211,-0.06080324021832828,-0.6215004154108704,0.006061403418570715,-0.23945487060948442,-0.8374501750968882,-0.5185375330872088,-0.25000766472992086,-0.41822154731328026,0.8381834755349251,-0.29851311410474207,0.009506550602941949
2,-0.3177455695113258,0.008998207167335112,-0.43874032619976666,0.08337003712254962,0.3656290117051375,0.4302723131203657,-0.4857919277494311,-0.33469046149311704,-0.712079035801243,-0.14295906008045778,-0.3297211740816309,-0.03525747319765705
2,-0.21269918704263216,-0.49265568416213745,-0.02967746958391937,-0.9292997111143017,-0.736877706342883,-0.3992104611273098,-0.6975199163740506,-0.10277276819918417,0.6132783441303243,-0.5393397962077543,-0.13126848438982977,-0.40518053966556317
2,0.029520511270312966,0.2989177538163801,-0.1252021551793906,0.6695999294771594,-0.7803542109372307,0.3036299809482991,0.5061065573407575,-0.5232472177911641,0.5175318538571156,0.745688322631226,0.039304533028976095,0.2712159126601862
2,0.0037335835182717575,0.2124582659322975,-0.5204608809578702,0.4230717681439078,0.8530375201964598,0.3875682546546295,-0.539892722389013,0.16692486711375873,0.2222504172235104,-0.1277318261831061,0.13137466728801273,0.178278727144456
2,0.11090951765721013,-0.31636489369965076,-0.18927553327273977,-0.8168731982411425,0.7646865303687524,0.45422807379773095,-0.27977642181638446,0.011719320088067224,0.1480034953492124,-0.9145337704432587,0.0637071363296014,-0.36296721396952936
2,-0.031996072983375465,0.2245846671188524,0.044012475305126135,0.4532379565538365,0.9335648197910374,0.14427496296094797,-0.9640320181235579,-0.20505451730884156,-0.14152956890610752,0.5058802662694666,-0.13498133385872305,0.061604555103379685
2,-0.2300289896331375,-0.15959015850710917,0.37141860525507614,-0.3185329449036488,-0.5073420877099454,0.26717806358008933,-0.25897771630177346,-0.22700432606284557,-0.5252147597759073,-0.36000142664203155,-0.22769639025166774,-0.13476807852153957
2,-0.08369997570066753,0.10641575100308667,-0.25925289180840305,0.37280804583126553,0.12110928207175904,-0.1221997098435778,-0.36387920148446506,-0.6848625320217504,0.16722290841843904,0.8599172000464094,-0.0408550912357263,0.15087305054929534
2,0.16499539296857885,0.07473787725368092,0.002458225795485134,0.23030279649315685,0.2656931752746168,-0.057583457221503404,0.6690828899186617,0.6354253967028071,-0.2772527191144482,-0.5091932269597368,0.23909310029449293,0.18681059035491362
2,0.14742093893462727,0.12768414246585233,-0.5910761130034983,0.21040991956332028,-0.3461942869029418,-0.34869055105600905,0.7470518176649047,0.1141600222386676,0.7799023379800444,0.5348571791174305,0.30794142014728154,0.1855305152566446
2,0.1535771036940492,-0.14504910660576373,0.40781920529156584,0.8173398425199975,0.2576790023410011,-0.6726340044913101,0.004242744578687405,0.1489167439782372,-0.05543253743505755,-0.8738190084299795,0.10029867387927466,-0.13562263573237898
2,0.06263384810409112,0.18076205992928307,0.14752690740615249,0.742963245376687,-0.4439941866589434,0.19555295218094385,-0.3481431657431523,-0.6299480596286641,0.8951458374123077,0.4144801017881655,0.3014526879835435,0.22433250852730768
2,0.0660060687164734,-0.02777389265893057,0.6251177700567845,0.6550342164646633,-0.37005434895570605,-0.6842323025904014,0.4658933813928327,0.7786721631927346,-0.45693252762801756,-0.8605696477027188,0.004672127702342277,-0.06638245082225025
2,-0.11354877720875853,-0.25170598247972387,-0.0796899039989585,0.7662576252756523,-0.7367674485592896,-0.29037047291535056,0.5558349498425976,-0.7330030566899853,-0.19357270611938374,-0.7497080255892118,-0.03256154379161683,-0.2512873887507289
2,-0.1351487442793875,-0.3973323614729454,0.052051519448915284,-0.6998746199848672,-0.8668112763156183,-0.35184066879214404,0.8568308751413118,-6.759653720724991e-05,-0.5826660953921589,-0.5375465605775628,-0.24306311508411532,-0.2833435093806618
2,0.20975912070462832,-0.07463874188149397,0.113663136250794,-0.07854362521898033,0.6429878318576253,-0.5921605327623123,-0.022971757086062507,-0.27417403327840056,0.1053572717961565,0.6463232237337172,0.22904751603938875,-0.14001264096833663
2,0.49531035139218227,0.23813405214686129,0.6102356987710004,-0.3163981356474779,0.7164243463048611,0.40522465254281675,0.32812252650553525,-0.037824347287823135,0.32645883398733244,0.9015340389799295,0.355784849220836,0.3481166111759032
